35260347053481000248570013865468991386546893
35260347053481000248570013865474441386547444
35260347053481000248570013865474571386547450
35260347053481000248570013865479401386547949
35260347053481000248570013865487491386548740
35260347053481000248570013865494591386549457
35260347053481000248570013865497401386549745
35260347053481000248570013865498441386549847
35260347053481000248570013865505151386550513
35260347053481000248570013865506651386550669
35260347053481000248570013865528961386552897
35260347053481000248570013865555101386555511
35260347053481000248570013865594121386559417
35260347053481000248570013869447561386944758
35260347053481000248570013875437121387543716
35260347053481000248570013875437881387543781
35260347053481000248570013875470791387547079
35260347053481000248570013875484391387548432
35260347053481000248570013875563481387556344
35260347053481000248570013877587511387758755