29260300233065004506570900018941381018941385
31251200233065004255570730203039951203039956
15260300233065005901570520003192971003192973
35260300233065000187571760000183941000183940
31260300233065004255571560000102021000102029
41260300233065008080571190000793011000793014
35260300233065000187571410001305221001305221
31260300233065004255571560000102101000102101
35260300233065000187570800086689571086689570
31260300233065004255570520016843611016843617
33260300233065003879579310000709491000709492
35260300233065000187570800086691281086691280
35260300233065000187570800086691291086691296
35260300233065000187570800086691371086691379
35260300233065000187571410001305441001305440
35260300233065000187571760000198761000198762
41260300233065008080571100003606491003606491
35260300233065000187570800086691491086691493
31260300233065004255572200000189281000189281
35260300233065000187571600000762991000762990
41260300233065008080571100003606661003606662
35260300233065000187571760000198891000198892
13260300233065003607572340000000511000000518
35260300233065000187570800086691941086691944
31260300233065004255570520016855271016855279
43260300233065008676570560000374301000374308
43260300233065008676570560000374311000374313
41260300233065008080571100003606901003606900
31260300233065004255570520016855351016855351
31260300233065004255570520016855361016855367
43260300233065008676570560000374411000374417
43260300233065008676570560000374431000374438
43260300233065008676570920002191721002191720
31260300233065004255572350000062751000062750
31260300233065004255572350000062781000062786
35260300233065000187571760000198941000198949
35260300233065000187570950001594881001594889
43260300233065008676570560000374491000374490
35260300233065000187570800086692351086692350
31260300233065004255572200000189531000189535